500 600 700 800 900 1000 1100 1200 1300 1400 1500 1600 1700 1800 1900 2000 2100 2200 2300 2400 2500 2600 2700 2800 2900 3000 3100 3200 3300 3400 3500 3600 3700 3800 3900 4000 
12 21 23 23 27 33 37 40 47 50 60 59 67 85 81 83 89 95 111 104 113 119 126 135 135 159 158 151 165 172 171 173 197 182 196 210 
11 17 17 25 29 34 38 40 46 67 59 62 68 73 78 83 102 97 102 104 114 127 121 129 145 143 146 151 168 164 170 183 185 196 198 198 
11 16 18 31 30 35 37 42 46 55 57 59 69 80 81 85 87 94 97 114 113 120 123 142 135 157 187 185 196 183 170 182 194 188 200 205 
14 17 25 26 30 32 39 49 51 53 59 62 70 72 81 94 90 93 100 106 125 117 124 130 147 140 147 164 163 162 183 172 186 197 193 204 
53 65 90 116 147 195 211 278 294 349 389 445 550 567 626 756 835 872 940 1380 1152 1150 1297 1367 1532 1598 1764 1875 2046 2075 2136 2452 2524 2595 2775 2852 
46 67 98 117 149 207 206 272 291 343 397 438 532 613 625 754 788 828 933 1088 1105 1244 1280 1400 1707 1607 1801 1921 2110 2068 2205 2471 2773 2606 2727 2809 
60 64 87 111 144 201 235 286 292 351 401 443 534 567 627 756 803 833 951 1072 1119 1188 1284 1397 1530 1637 1788 1950 2114 2058 2176 2489 2535 2692 2769 2882 
48 75 88 116 144 198 213 279 289 348 400 451 533 571 633 768 971 883 1127 1104 1111 1161 1317 1369 1523 1651 1790 1918 2086 2081 2189 2486 2528 2597 2657 2683 
21 30 47 45 48 59 59 71 71 77 84 102 102 109 109 129 141 144 137 151 161 158 177 200 208 192 191 256 209 232 257 272 255 380 442 309 
23 33 38 40 48 56 58 70 68 76 88 95 102 111 114 134 134 142 138 145 166 158 172 200 218 187 193 252 211 229 252 269 252 383 448 303 
23 28 32 40 45 54 56 67 72 75 86 95 101 109 127 143 152 164 137 140 167 158 168 205 212 184 201 246 214 237 261 265 265 378 440 306 
23 26 35 36 42 57 62 70 69 72 84 92 105 108 112 129 138 141 136 148 167 156 169 210 205 192 193 249 214 224 266 258 265 377 446 294 
