500 600 700 800 900 1000 1100 1200 1300 1400 1500 1600 1700 1800 1900 2000 2100 2200 2300 2400 2500 2600 2700 2800 2900 3000 3100 3200 3300 3400 3500 3600 3700 3800 3900 4000 
64 81 94 100 111 127 149 160 170 189 197 216 233 243 262 278 287 310 319 341 357 401 409 408 411 425 438 461 480 486 505 524 537 555 568 574 
61 75 95 102 116 128 150 162 168 191 197 216 232 243 267 275 290 322 323 340 353 362 383 412 412 427 439 459 478 490 502 530 541 549 569 583 
61 75 92 103 114 128 150 163 169 192 203 216 236 242 262 272 292 314 320 344 353 360 387 398 414 423 439 452 478 494 505 519 544 549 574 577 
60 75 91 108 116 129 145 163 169 184 202 213 235 241 265 269 292 309 325 344 408 379 384 399 417 429 436 456 478 491 511 537 541 560 572 579 
55 70 80 93 105 116 127 152 151 161 178 182 203 213 221 235 241 260 273 287 295 304 321 323 337 350 357 377 391 411 419 412 437 445 496 507 
62 75 94 96 117 121 139 144 147 167 173 179 202 208 217 235 246 261 280 292 296 301 320 327 331 348 360 370 389 412 417 423 436 441 512 507 
60 69 80 92 106 121 128 141 150 164 174 186 202 205 225 227 246 254 281 295 297 307 308 328 342 342 361 385 390 430 417 424 437 444 461 469 
55 71 80 89 108 119 127 143 154 159 169 187 196 214 226 232 249 257 273 285 292 305 312 326 339 343 362 372 393 403 412 420 439 442 457 470 
53 65 77 89 98 117 125 137 151 163 166 183 192 204 231 224 243 250 271 272 296 293 307 323 324 380 365 370 372 411 406 421 429 442 445 456 
60 69 76 89 102 111 134 135 150 163 168 180 197 203 219 226 239 252 266 276 291 293 324 388 395 417 361 369 383 406 408 412 432 436 450 457 
57 67 77 87 103 116 125 137 148 164 166 180 201 202 222 225 250 248 267 281 296 296 315 319 329 343 355 362 378 415 409 415 437 430 460 462 
56 74 79 90 101 111 129 137 145 159 181 183 199 201 213 227 239 258 264 282 295 292 312 318 332 350 345 369 383 410 408 418 425 439 453 463 
